x1=427;
y1=1228;
x2=335;
y2=1565;
k = (y1-y2)/(x1-x2)
b = y1-k*(x1)